# Created by Octave 6.4.0, Sun Feb 13 10:20:30 2022 GMT <unknown@DEEPANKAR>
# name: v
# type: matrix
# rows: 10
# columns: 1
 11622
 11623
 11624
 11625
 11626
 11627
 11628
 11629
 11630
 11631


